08030605
04070500
05010808
07060402
02050002
00020503
00080801
03040705
03000300
05020807
00070508
06080205
04020600
07080203
07080604
06060306
00040501
07050605
00040107
00020402
05050603
04050606
06080602
01030805
07010403
03030505
04000701
06070401
01070105
03070601
07000102
07040303
07030807
04020204
04020101
07010406
03030604
05060808
03000101
04040604
03030703
01010600
01010408
01040303
05050600
06040706
08060803
07030800
08080701
03080308
07010001
06040600
02070602
02080405
07000707
00030400
01010105
02040203
03040207
05010302
06050705
03080204
02030800
02030304
07030602
04050403
03060501
00050000
07060106
04010807
08080307
01040606
03070204
06030600
06000504
08030300
04050701
05060007
06060200
01010102
03030801
08020401
01030003
02070402
06040706
03050405
04070606
04020100
03080601
08060502
04080105
01070305
00030803
05060500
05080204
04030204
03020208
01010705
00010207
03030707
04070208
00060202
02060204
03010400
06080403
04000701
07040203
08020700
06010203
05050800
00060508
00000807
04040007
00070601
08060804
03080204
03010800
08050807
06060305
02050407
01030001
04050803
02050608
06070408
06010205
00020101
07000507
01010104
06030107
05030500
02020200
05020005
05080605
05020204
05040405
04010204
07070403
03080604
03050401
07000008
05000105
00010105
07080603
08080304
04070805
06050101
03040601
00030807
06060008
04060103
00060605
00020402
08010002
08000005
01000708
02010001
02050301
02050601
01040507
02000501
01080102
07010400
01070104
05000100
03040500
05070206
07010208
01030305
00020002
06080802
08020101
02000600
02000000
05010107
04010308
04030301
03030400
07020006
02080705
01020806
01010800
07080602
01070108
05010408
07030503
04000505
00010306
07030805
04070100
05080108
08050602
01070205
04000501
07070001
04020305
02070606
00000702
08000802
07010403
04050505
02040703
05020402
01080800
07050307
08070402
06040605
05030600
06020208
05030203
03010400
08030401
07020307
03070606
06040304
06030708
02050601
05050108
02040203
00050605
03000701
07030102
02050605
01050102
02000600
01070304
05010106
01000403
08060204
02000003
07080805
06070807
08080100
04030408
01000308
02050804
00010505
02060204
06030302
06080602
06080002
00060705
04070400
01070606
08050501
06050004
03030206
01060507
05070403
05010606
03020603
07010103
06040205
00020207
05050101
07070205
03080803
07080200
06020307
02080703
05080000
01040205
08010502
07040707
07070607
01050802
02030102
06000401
07020004
03000106
01050804
05000502
07080003
02040204
03040400
03060007
03030203
08020704
05070100
07030607
01050603
02030006
08040304
06040801
06040803
08010505
03010606
05080503
00060804
04060803
00050104
07070400
04080804
03070502
08050805
05060406
02050506
03070807
01040105
00050807
01060108
08050408
03060502
00030007
02070601
01080200
00050805
01010504
08040406
07000108
01060306
06080702
04060208
03080107
01010502
02020203
08050008
03050304
02040003
01020506
07040806
07020102
00000005
00010501
00030204
05060005
07080305
05040104
08010302
06020002
07060403
07050508
01000702
08030501
03040500
05030403
05020804
02020401
05030506
04010707
08060501
02050500
03060300
00030204
07080605
04030308
04010605
01050801
01080404
00080207
00070400
03060103
02040702
07060802
00030406
02070707
04040300
03080507
00030803
00000202
01010405
07040008
03010107
00070600
00030203
08000700
03080002
06040506
04000107
00020702
02080601
03060302
02000103
07020503
00070104
04050606
01070205
02040804
05040401
02050407
03030806
01080202
00060805
05010803
04050700
05080508
03050000
06020200
01020505
00040002
07030503
03010307
07070505
00060801
08010604
08020607
07080406
08080501
06000707
00000808
02080604
05040205
05040102
06010207
07000605
05010607
01050202
00020101
02080406
04060302
00040305
08080303
03030805
03020304
06020701
08000007
02000505
06040200
08070604
07080304
05030000
03080704
01040307
04060006
08070805
00070002
03010801
03030106
06060805
05070300
01030407
03060207
08020601
01040504
05010705
02000205
04070402
03050007
02080302
01000206
08000006
02040008
03080301
05080105
02070707
02080301
05050301
03020104
07030205
02040508
05010802
04010301
01070204
00060204
07080300
00060301
05000200
02010808
00070808
03060001
05040800
01040600
00060602
04050803
08020100
01070800
03030104
00080605
05010501
08020103
04030305
08080200
06050607
05000604
07040100
08060300
01020503
03020602
04040607
02010201
05040701
01060408
04070106
06020506
06060100
05080801
01080505
06040406
01000606
08010304
06020702
02070704
04020703
06050800
02000201
08070105
06010604
01050104
07010400
00020307
08070203
06050204
02070600
00030802
05000503
05010102
06020305
01070304
07020103
02010607
07070200
00030207
00080801
04050707
04060607
02000405
03020802
05050705
03060108
02030402
04070203
06000601
08020808
07010305
03060302
02080702
06050501
05050407
02070103
00070607
00010807
03060105
01030708
05050003
07070102
02050103
07020007
07050505
04080308
02020401
01020101
04080104
04050201
06030200
07050506
04060704
07040700
05050005
04060502
06020605
00050302
00030105
03060006
00070101
07020403
02060301
04060102
05050102
00070400
02030702
04020805
02040606
04010405
03020101
02080508
00020500
00080401
05010102
02050008
08060206
02010808
00010604
06060808
05040305
02080106
07030005
06070701
06080604
03050604
05060402
02040001
05050208
05050706
07000707
06070208
03030407
08020600
03080307
00040302
01000307
03040301
03000707
04000103
02050400
06000101
04060504
00000503
00030708
06060004
03030400
04070306
01010300
02070607
07080508
04020408
07050701
04080402
07020306
01000301
01080706
05020207
00060506
02040000
07080307
08080405
08040607
01020108
05010206
02080004
04010301
03040205
00080602
00050703
02020204
07020106
08020204
03080400
03050705
05080501
06020204
01040402
06080400
04020701
01050308
05010203
01070704
04040402
08020705
05070108
02020100
03070007
00020508
06010506
03050207
03050007
01040002
06020006
08060200
03050806
07080205
02020105
07040505
03030005
08040703
01060704
00030701
01000505
06060100
03040205
02060108
00040605
01080707
03020802
04010605
01040608
04030807
07030507
01030406
08060400
04050307
05000605
01070702
00020501
06080705
05060000
00040606
04030506
03070007
00070303
02000000
07060601
02070206
00000500
06040000
08040700
04000507
03000005
03040101
01060302
05040608
05080301
07050307
02080705
05040308
06060405
07040002
01050104
02000404
08060703
05040501
08010708
02020103
05000805
06030103
02080800
07060400
07030205
08060503
03020402
05040306
05070407
05030106
06060504
05040402
02020804
01010101
02070000
00040702
04010300
05010706
08050000
02000405
07020404
07040800
05000705
08020805
08000100
03000103
07000204
05030003
08050804
05070007
02050607
07010504
01010005
08070202
08080105
04030307
00070204
01040700
08060400
01000605
01030303
05060201
04020206
05080706
04050602
07000300
04000305
06060304
00040406
04050007
01040603
07030004
05060303
03050706
03050202
00080602
06060000
02060005
08070305
02030804
08000405
01080200
00000001
08050404
02050706
02000703
06020003
02000300
00060604
01040102
00010102
03010101
05040506
03080804
04010203
07060804
06040304
04050707
08010002
03010405
04020303
06010205
05060808
03020301
05030401
07060802
03040807
06010706
01010400
01070000
01030404
06080204
01080808
03020705
03050401
08020502
07060700
02030800
08080708
01020301
00030503
01010008
08050800
03060407
07020502
08060703
06080307
08020203
03070404
04030306
05080501
01030008
00030801
05080306
06000200
08070808
02010106
07000506
00030008
05010805
05040508
07010508
01060808
05020708
03080604
08030102
03080000
06040404
08060602
02060706
07060407
00050702
07000407
00000402
00050005
03030301
01050007
03010502
07040107
06050806
03010505
07080007
06060103
03000306
06010407
01030308
00000205
05080404
05010202
06000002
08070701
02050704
01060206
00020303
02000100
07080303
00080301
03000007
02050501
01050205
04010801
00010207
05050705
04000106
02000106
00050306
03070207
01070801
06080405
08070703
08060702
08000604
00020104
08050703
00020108
05040605
02070807
03050403
04080203
05010700
03040603
00060001
02070408
02070803
07050703
01030207
02060408
00000802
08070506
07070301
00040301
04030500
03000005
03030404
03040003
06080708
00040505
05070706
08060107
07080803
08040106
04040602
01070001
00030507
02060005
03040605
06050707
00060704
07080006
07050200
04040106
07060405
03080801
06020706
01030806
07020507
06040706
05070306
00070004
06020002
05040704
07030802
00060701
08080303
06070808
05080805
05060808
08040002
01020008
02020000
02020601
02000202
00030802
02050305
07000701
02020708
06080804
01070205
08080807
01040304
05060801
04050701
02020307
01060601
06080004
03060804
07060705
01040105
04000602
00020500
04040301
08020502
00020606
04000800
05040604
06030608
03060102
07060402
07060205
02080107
04050000
02010004
04010301
06070605
00000604
02010302
07020608
05050402
03030005
07020600
04080306
04050504
07080406
04020802
07030600
05080702
08020601
05050803
00000607
02010403
07060301
08050500
05010004
02080308
08020508
08070001
02030003
02010108
00060306
07050204
07010205
01010505
08060100
03030606
05030104
04040108
08020106
08020403
05030300
05040006
04020106
01060600
05050204
01010006
05070207
02020704
07070308
06050104
05080307
02010000
07020707
04050403
06010203
02010401
08070704
06060105
00000300
04080608
05080004
02040505
08030505
04000302
00040103
06000505
02040201
04060802
02020802
06070804
07070207
03070400
03070708
05040803
00020206
06010406
07010200
06010704
03020603
03070700
01060400
07020206
00080600
03010002
03040007
03080304
03020000
03060703
03030702
03080207
06030101
03050701
00000602
01020205
08030600
03070804
04030604
01070200
08020408
04050808
02050001
07060802
06020503
04020604
05000605
00040300
03010305
07080602
07060204
05020301
04030002
08040801
05000706
07000404
06080003
03070401
06060600
03070307
05030805
08060606
08030205
06060602
01000200
02060203
01010307
05050600
05050107
04060308
04020203
05020500
02000000
05060102
06080805
04080005
03060207
03060602
02010001
03040604
08070003
07050603
05010007
05060007
00060002
01000508
08000701
06050805
01080303
01020503
08040501
01020501
05080005
04050004
00070600
00000804
08060804
06070606
03040701
06040204
04080800
07070504
08000101
06000504
04020507
04070505
03070407
08080608
04040207
07070005
01080306
04020706
05060103
04060805
06080000
08040804
00040203
00030203
04020407
01060405
03040800
03000308
02050404
02070601
07030100
07060806
01080405
07050604
00030807
04020801
04050208
07020708
07080705
00070206
07040407
07060304
04040102
07010501
03060101
00000001
01080403
05020307
00010200
07060408
08070106
07030406
01050105
02060801
07000604
03000801
07020204
02060301
01020306
07050300
08010408
05070301
05060708
07010407
06010103
05010708
05070804
00000005
08020703
06050801
08080004
00010203
01010608
05030002
01030800
04070804
07030303
07030803
01030007
06070005
04040401
07070101
04070702
03070108
07040406
00060001
06050203
00010407
00070505
06020801
00070801
01000606
08070201
00040401
05030100
07030203
05050604
08000008
05060107
03070100
00050405
00000802
05050304
02040607
08010101
02050003
05020801
05030407
06040302
06060300
06040000
04080304
08000607
06050602
04010807
08060205
05030607
00020504
03070206
07000100
03020600
07030702
08080107
03060606
00000806
06030507
08030302
08030707
01020505
01030504
08030507
00010102
05000705
05000100
00070605
08010406
01010800
04060303
05020800
07030307
04050308
07010808
06080807
01000307
07010507
08060102
01070302
04050802
08060208
08040107
04050000
05050402
07000804
08040700
05030701
04020501
08000003
01080801
05080803
07050200
08080207
07050602
04040106
07020802
07000201
02040607
03040305
07020800
00000202
02040000
04070701
04060502
04060605
01020802
02030806
01010706
00050302
04070007
02010603
07000005
07040503
07050807
04050306
03080004
04040800
02010603
06010808
06020001
00060402
04010402
04020308
03040303
03040804
02030407
01030501
08030602
04010302
03030108
06040703
07040003
04080003
01040305
05000507
06070607
07040404
08080601
03050002
00040608
06060608
02000403
06050407
00060401
07000704
08040108
02070401
01060302
07000504
02040401
02050801
08070107
08010805
08060605
00070102
04070500
00060508
00010808
01060702
07020601
08040405
07000707
06010101
00010508
03070604
03020500
04020500
06020503
06080208
00070005
04000106
02000105
05070306
00030303
01050808
02080405
07010702
07000405
05040506
02040301
03080806
07060201
00070308
08060603
08010004
06000604
00060103
08040803
01010302
06000506
03000504
06010601
05040401
06030605
07020202
07010406
00080506
08040003
00050201
06080301
00070406
00010404
07050706
08000803
05040000
01040208
00050500
04000206
08040000
05050401
06040207
00030702
02030808
03010403
06040604
07000500
08020202
07010008
00030606
04000107
04030807
05000606
07080502
03080506
08080608
05000806
02080400
08040308
00070605
01070001
04000605
08070808
02020206
00010501
04030502
00010601
00050003
04050505
06080705
04040708
00060600
04050802
07070103
02010305
02020408
03050600
05050008
02080401
02030305
04020502
06030104
08070506
03080600
00020404
05040008
05070800
02050401
01060108
00000005
07040704
08040003
03070703
04020601
05080306
07000208
08020506
08070707
06040307
05080103
00070005
07080404
02060704
04050604
00040006
04040101
04020601
00000008
03030601
06030602
05030804
02020201
01010703
01010002
07060808
05040603
07040000
05020300
06010204
07080605
03020007
08020007
06060802
00060107
07050703
04060804
05010001
01050203
03060607
00040705
07070204
05080305
00020008
00020304
01080005
08060505
06020704
03000502
04010704
01000008
00080006
08080207
03030102
02020203
07020100
00020402
02040603
06080507
03010305
08030702
05020208
06070304
00000208
00020206
00060302
07070706
02020001
05040203
03040008
07060704
02000503
01020407
07040808
06000608
02040803
06000800
08080808
07010501
05080101
06000201
05030108
02010105
05080806
07020003
06030404
06000008
05060102
02070203
00080404
03060601
08070706
02040703
00040201
03040407
04040506
04000005
01080408
03070800
05070607
03020200
07080302
04030000
07020500
08070202
07050004
05080704
06010202
08010403
04000002
02010406
01070305
08070506
02070500
08030608
08050006
00010201
05050706
05080003
01050105
02080503
02080008
07020405
08010800
04050608
01070707
01070803
02080300
02050307
02000608
01010001
02020207
08020601
08040208
02070604
05060000
07020703
03000803
06030003
05040005
08040104
08030200
05070005
07080500
02000104
06020101
05030302
04070402
01060305
01080801
05020000
04010500
01070302
04020402
02040706
02050401
08010808
02050503
06050604
07040408
01070300
00040303
01020306
05020000
02040303
01020206
00050507
05070006
04020006
04080500
08020508
06030500
06050803
05080001
03070401
06070504
03080801
07020704
05070205
08050001
01010407
01000704
06070508
06030208
02000506
02030502
07010607
08050203
06060402
01000000
00080305
08080606
03080507
06050101
00020401
02020507
05060405
03070108
07000302
07020406
00070308
05080700
06050408
03030104
05050300
08060706
05040403
06080404
04020105
01070706
01050701
06020208
00000405
05010803
02070107
08060808
07070700
04060604
07030308
01040203
07040102
01050407
07060002
07060801
08070800
04020408
07070305
07010007
03000303
06010506
04040303
08000805
07060106
08030706
07060508
04050301
08000501
01020005
01060603
07050707
06010506
02020308
07060708
07060704
07010206
07030006
02080107
00020102
02060001
06010602
03070805
07050700
06060501
07060801
05040704
03060201
01060207
05060008
01010700
04010205
00000807
08020207
02060705
08070701
01050306
01020802
08080705
02020606
06000702
02070200
00050206
08010501
02050204
03070702
08050205
04030208
07030306
07030507
01050206
02030106
05030404
03060605
01010703
07060403
01040005
05070403
02070500
08010207
00020804
06070503
01030500
01030608
05060101
00010801
07050608
06060206
05070500
00010204
01060608
01060106
04030701
07060402
06010802
06060302
05000606
08010303
02010308
06010502
07040101
04020605
00030607
00050505
08060103
07020808
02060307
08030300
05050303
04040806
00040703
06080607
01020603
01060408
01020801
05070305
00050000
08070700
08070001
07020708
01060307
02020101
07040004
03010706
03050400
07070005
02040306
07060304
00060608
07010301
02070205
08010603
08000405
02000408
04060700
08020601
04060500
01030504
02020707
03040606
05050802
06070103
06060205
05030206
04000104
05020601
04040805
08020504
03050007
07070100
06070003
08040105
06000104
00030108
02030401
00050403
02000001
05010507
04020706
02080305
07060404
02080800
04000604
01000601
02050705
08030703
02040107
08010008
07070408
00060500
00040003
01070001
07010208
08020207
02020002
03040104
01050500
07070404
02060502
07070400
06080406
07040708
02050802
07080005
08080207
02020604
00040408
05060803
00030708
00010801
03050102
08060800
03080804
06020208
08020006
06020003
08010403
03030304
00070601
04010305
04070605
02050508
00050600
06020101
08080507
01050806
00080700
05000506
07030105
00050606
05080600
04050305
01070803
01030501
06080600
02000700
07040006
06040208
06070503
00030302
07070600
05030408
01000401
00070808
05040604
04020403
02070005
01020604
00070601
03060606
00080104
06050202
06060601
01060004
06020806
05060400
00010004
01080005
07070207
08040203
06040107
01080804
07040705
07020003
01040702
01050802
06080200
01020202
06020303
06070205
01060506
04060502
07040606
02040007
04050405
00010503
05020306
02060500
01030506
01030004
02060806
00030300
05080305
02010103
06020503
05080605
07060503
01070108
02010000
03030807
08050306
02040602
04040203
06050308
05080102
05010206
02030000
06070503
06070201
02080601
03020005
08060206
03000808
01080304
00070604
08000308
07000104
07030407
03070701
03080604
08070600
06000202
03070602
05000305
01050303
04010800
05010800
06060404
03050207
07080505
01020304
05080801
05050802
07000503
04060600
00030100
05050503
02070503
02010407
01060200
05050004
00020600
00030301
03030801
04020003
06030200
02050408
04030201
04000800
02040408
04040602
02050402
03070400
03050808
04050300
03040506
07000002
01060407
07000507
01030402
06080307
06000008
04030301
08020407
05030102
05030303
04070000
04000400
02000705
03030503
00060503
06030807
05040308
00010408
08050203
01060704
04010203
01040005
07080706
04030208
00070302
02080000
04030208
01010500
02080505
08010704
03070108
04040702
00080702
03060702
06070600
06040602
01020800
08030305
08080502
01030007
06070804
01030807
02010803
03070705
04000007
01040605
03000002
00040604
01040204
06040307
00000406
04040008
01060606
01070205
00000007
01000702
01060701
08020002
00050603
05040203
04030708
02070706
05000800
03020708
05020603
05010504
07020806
00070105
04080008
03060806
05020007
07070604
08020205
08000307
00030201
01020100
07050804
